Precison  Recall    F1-score     Acc
0.8055    0.8045    0.8045       0.8045
0.8055    0.8045    0.8045       0.8045
0.8084    0.8073    0.8074       0.8073
0.8054    0.8045    0.8046       0.8045
0.8084    0.8073    0.8074       0.8073
0.8144    0.8128    0.8130       0.8129
0.8084    0.8073    0.8074       0.8073
0.8057    0.8045    0.8045       0.8045
0.8084    0.8073    0.8074       0.8073
0.8084    0.8073    0.8074       0.8073
0.8008    0.7989    0.7990       0.7989
0.8086    0.8073    0.8073       0.8073
0.8056    0.8045    0.8046       0.8045
0.8055    0.8045    0.8045       0.8045
0.8055    0.8045    0.8045       0.8045
0.7997    0.7989    0.7988       0.7989
0.8056    0.8045    0.8047       0.8045
0.8025    0.8017    0.8017       0.8018
0.8084    0.8073    0.8074       0.8073
0.8084    0.8073    0.8074       0.8073
0.8028    0.8017    0.8016       0.8017
0.8084    0.8073    0.8074       0.8073
0.8055    0.8045    0.8045       0.8045
0.7996    0.7989    0.7989       0.7989
0.8054    0.8045    0.8046       0.8045
0.8081    0.8073    0.8072       0.8073
0.8026    0.8017    0.8017       0.8017
0.8026    0.8017    0.8017       0.8017
0.8058    0.8045    0.8044       0.8045
0.8055    0.8045    0.8045       0.8045
0.8054    0.8045    0.8046       0.8045
0.8055    0.8045    0.8045       0.8045
0.8027    0.8017    0.8016       0.8017
0.8055    0.8045    0.8045       0.8045
0.8086    0.8073    0.8073       0.8073
0.8027    0.8017    0.8016       0.8017
0.8057    0.8045    0.8045       0.8045
0.8086    0.8073    0.8074       0.8073
0.8056    0.8045    0.8046       0.8045
0.8055    0.8045    0.8045       0.8045
0.8084    0.8073    0.8074       0.8073
0.8056    0.8045    0.8046       0.8045
0.8056    0.8045    0.8046       0.8045
0.8005    0.7989    0.7989       0.7989
0.8027    0.8017    0.8017       0.8017
0.8055    0.8045    0.8045       0.8045
0.8084    0.8073    0.8074       0.8073
0.8054    0.8045    0.8046       0.8045
0.7996    0.7989    0.7990       0.7989
0.8055    0.8045    0.8045       0.8045
0.8055    0.8045    0.8045       0.8045
0.8055    0.8045    0.8045       0.8045
0.8030    0.8017    0.8016       0.8017
0.7999    0.7989    0.7988       0.7989
0.8027    0.8017    0.8016       0.8017
0.8084    0.8073    0.8074       0.8073
0.8086    0.8073    0.8074       0.8073
0.8054    0.8045    0.8046       0.8045
0.8115    0.8101    0.8102       0.8101
0.8055    0.8045    0.8045       0.8045
0.8056    0.8045    0.8046       0.8045
0.8091    0.8073    0.8075       0.8073
0.8055    0.8045    0.8045       0.8045
0.8086    0.8073    0.8073       0.8073
0.8115    0.8101    0.8102       0.8101
0.8025    0.8017    0.8017       0.8017
0.8025    0.8017    0.8017       0.8017
0.8055    0.8045    0.8045       0.8045
0.8027    0.8017    0.8016       0.8017
0.7996    0.7989    0.7989       0.7989
0.8056    0.8045    0.8046       0.8045
0.8032    0.8017    0.8017       0.8017
0.8056    0.8045    0.8046       0.8045
0.8055    0.8045    0.8045       0.8045
0.8027    0.8017    0.8017       0.8017
0.8055    0.8045    0.8045       0.8045
0.8025    0.8017    0.8017       0.8017
0.8055    0.8045    0.8045       0.8045
0.8028    0.8017    0.8017       0.8017
0.8055    0.8045    0.8045       0.8045
0.8055    0.8045    0.8045       0.8045
0.8055    0.8045    0.8045       0.8045
0.8055    0.8045    0.8045       0.8045
0.8084    0.8073    0.8074       0.8073
0.8026    0.8017    0.8017       0.8017
0.7997    0.7989    0.7989       0.7989
0.8084    0.8073    0.8074       0.8073
0.7997    0.7989    0.7988       0.7989
0.8055    0.8045    0.8045       0.8045
0.7997    0.7989    0.7988       0.7989
0.7999    0.7989    0.7988       0.7989
0.8055    0.8045    0.8045       0.8045
0.8086    0.8073    0.8073       0.8073
0.8086    0.8073    0.8073       0.8073
0.8056    0.8045    0.8046       0.8045
0.8055    0.8045    0.8045       0.8045
0.8027    0.8017    0.8016       0.8017
0.8056    0.8045    0.8046       0.8045
0.8115    0.8101    0.8102       0.8101